1 0.0
2 180.0
3 33.0
4 32.0
5 0.0
6 191.0
7 32.0
8 32.0
9 104.0
10 33.0
11 32.0
12 169.0
13 0.0
14 0.0
15 32.0
16 38.0
17 0.0
18 191.0
19 0.0
20 0.0
21 19.0
22 32.0
23 30.0
24 93.0
25 0.0
26 0.0
27 33.0
28 0.0
29 38.0
30 169.0
31 203.0
32 0.0
33 6.0
34 0.0
35 158.0
36 203.0
37 0.0
38 93.0
39 0.0
40 32.0
41 0.0
42 0.0
43 32.0
44 30.0
45 25.0
46 32.0
47 25.0
48 30.0
49 32.0
50 158.0
51 0.0
52 180.0
53 33.0
54 0.0
55 38.0
56 109.0
57 0.0
58 32.0
59 32.0
60 32.0
61 32.0
62 98.0
63 30.0
64 98.0
65 32.0
66 32.0
67 32.0
68 38.0
69 0.0
70 30.0
71 25.0
72 175.0
73 38.0
74 33.0
75 0.0
76 0.0
77 1.0
78 1.0
79 32.0
